1079503
1079539
1079541
1079546
1079570
1079576
1079579
1079581
1079593
1079595
1079609
1079620
1079637
1079652
1079672
1079682
1079699
1079721
1079723
1079731
1079734
1079735
1079757
1079761
1079762
1079798
1079801
1079822
1079839
1079844
1079850
1079861
1079865
1079867
1079891
1079900
1079901
1079911
1079920
1079949
1079954
1079959
1079964
1079988
1079998
1080000
1080026
1080033
1080045
1080048
1080050
1080080
1080087
1080122
1080125
1080130
1080223
1080226
1080245
1080252
1080269
1080270
1080296
1080303
1080307
1080323
1080324
1080350
1080367
1080379
1080392
1080396
1080408
1080450
1080461
1080464
1080485
1080494
1080511
1080553
1080590
1080591
1080606
1080652
1080667
1080673
1080703
1080724
1080747
1080751
1080757
1080767
1080781
1080799
1080853
1080924
1080942
1080946
1080947
1080948
1081042
1081062
1081069
1081070
1081088
1081100
1081101
1081103
1081104
1081105
1081106
1081108
1081109
1081110
1081111
1081128
1081146
1081147
1081148
1081149
1081150
1081151
1081152
1081153
1081154
1081156
1081157
1081158
1081159
1081174
1081175
1081199
1081202
1081223
1081239
1081240
1081266
1081272
1081292
1081335
1081351
1081361
1081379
1081402
1081410
1081416
1081435
1081463
1081474
1081482
1081483
1081501
1081526
1081533
1081563
1081568
1081570
1081590
1081611
1081613
1081634
1081702
1081704
1081773
1081777
1081790
1081805
1081807
1081814
1081841
1081853
1081855
1081859
1081864
1081870
1081902
1081914
1081922
1081944
1081959
1081970
1081981
1081983
1081992
1082021
1082031
1082036
1082041
1082057
1082099
1082120
1082123
1082153
1082166
1082186
1082211
1082218
1082230
1082235
1082253
1082292
1082310
1082314
1082378
1082382
1082399
1082402
1082414
1082415
1082436
1082440
1082478
1082480
1082522
1082579
1082580
1082592
1082616
1082639
1082645
1082646
1082655
1082658
1082692
1082699
1082701
1082739
1082745
1082761
1082775
1082778
1082783
1082786
1082788
1082803
1082814
1082818
1082858
1082861
1082903
1082922
1082964
1082971
1082981
1082982
1083029
1083049
1083050
1083054
1083076
1083077
1083078
1083084
1083115
1083143
1083170
1083225
1083238
1083245
1083247
1083279
1083297
1083353
1083357
1083387
1083405
1083412
1083421
1083456
1083548
1083567
1083595
1083705
1083718
1083728
1083740
1083827
1083845
1083846
1083868
1083882
1083910
1083916
1083917
1083918
1083919
1083943
1083958
1083965
1083966
1083972
1084016
1084019
1084024
1084074
1084134
1084136
1084153
1084156
1084169
1084232
1084233
1084237
1084252
1084258
1084276
1084324
1084342
1084344
1084351
1084369
1084425
1084435
1084455
1084463
1084478
1084499
1084501
1084513
1084542
1084559
1084582
1084586
1084606
1084621
1084626
1084673
1084679
1084685
1084695
1084719
1084725
1084742
1084810
1084812
1084848
1084854
1084864
1084926
1084943
1084954
1084965
1084966
1084974
1085003
1085020
1085022
1085028
1085052
1085109
1085135
1085209
1085212
1085250
1085292
1085302
1085320
1085397
1085400
1085401
1085409
1085421
1085434
1085494
1085503
1085534
1085537
1085540
1085556
1085557
1085565
1085600
1085608
1085610
1085644
1085670
1085685
1085712
1085723
1085765
1085766
1085799
1085812
1085816
1085820
1085836
1085855
1085892
1085893
1085919
1085922
1085976
1085977
1085998
1086005
1086019
1086022
1086024
1086030
1086057
1086067
1086149
1086154
1086182
1086204
1086209
1086212
1086217
1086249
1086250
1086256
1086276
1086285
1086288
1086297
1086310
1086337
1086338
1086341
1086356
1086358
1086364
1086385
1086400
1086432
1086440
1086471
1086505
1086513
1086526
1086576
1086633
1086635
1086644
1086645
1086646
1086649
1086654
1086681
1086712
1086728
1086738
1086778
1086812
1086814
1086871
1086890
1086941
1086965
1086966
1086969
1086974
1086997
1087000
1087008
1087009
1087010
1087014
1087030
1087039
1087060
1087074
1087087
1087088
1087145
1087151
1087180
1087186
1087192
1087194
1087197
1087200
1087259
1087264
1087274
1087307
1087327
1087365
1087372
1087375
1087376
1087425
1087464
1087481
1087495
1087498
1087499
1087506
1087515
1087522
1087523
1087524
1087553
1087577
1087588
1087602
1087617
1087618
1087622
1087636
1087693
1087705
1087709
1087715
1087733
1087746
1087764
1087786
1087787
1087835
1087843
1087877
1087882
1087930
1087931
1087932
1087938
1087952
1087962
1087964
1087999
1088003
1088017
1088021
1088053
1088070
1088074
1088077
1088092
1088114
1088153
1088154
1088168
1088176
1088200
1088204
1088205
1088206
1088207
1088208
1088209
1088210
1088211
1088212
1088213
1088214
1088216
1088217
1088219
1088220
1088221
1088222
1088224
1088225
1088227
1088228
1088245
1088266
1088282
1088305
1088312
1088324
1088328
1088418
1088427
1088428
1088442
1088457
1088472
1088498
1088506
1088547
1088556
1088559
1088620
1088625
1088651
1088666
1088673
1088703
1088718
1088728
1088732
1088749
1088779
1088824
1088825
1088866
1088873
1088880
1088907
1088922
1088925
1088946
1088966
1088975
1088982
1088996
1088999
1089001
1089011
1089012
1089054
1089055
1089056
1089084
1089103
1089104
1089105
1089130
1089146
1089160
1089179
1089234
1089241
1089244
1089252
1089257
1089262
1089269
1089272
1089275
1089283
1089290
1089297
1089306
1089309
1089311
1089326
1089332
1089336
1089337
1089362
1089366
1089369
1089377
1089416
1089418
1089421
1089432
1089440
1089456
1089464
1089470
1089479
1089507
1089514
1089515
1089523
1089536
1089546
1089552
1089575
1089577
1089589
1089590
1089606
1089613
1089615
1089616
1089620
1089638
1089653
1089658
1089664
1089665
1089685
1089687
1089696
1089701
1089723
1089730
1089772
1089805
1089808
1089809
1089841
1089891
1089892
1089908
1089914
1089915
1089917
1089935
1089947
1089959
1089972
1089988
1090056
1090065
1090069
1090077
1090094
1090095
1090103
1090106
1090117
1090119
1090144
1090146
1090148
1090150
1090152
1090153
1090155
1090156
1090157
1090158
1090159
1090160
1090161
1090172
1090186
1090188
1090198
1090216
1090219
1090237
1090238
1090243
1090261
1090296
1090302
1090319
1090326
1090372
1090375
1090376
1090378
1090379
1090380
1090382
1090383
1090384
1090385
1090386
1090387
1090388
1090389
1090390
1090391
1090398
1090412
1090428
1090439
1090444
1090467
1090474
1090491
1090501
1090507
1090520
1090523
1090570
1090571
1090573
1090627
1090639
1090652
1090676
1090706
1090727
1090738
1090741
1090764
1090773
1090781
1090782
1090814
1090828
1090850
1090871
1090886
1090895
1090896
1090914
1090918
1090946
1090994
1091004
1091011
1091012
1091013
1091014
1091033
1091046
1091068
1091080
1091081
1091084
1091085
1091087
1091088
1091089
1091100
1091111
1091117
1091147
1091160
1091174
1091184
1091216
1091221
1091228
1091252
1091253
1091277
1091298
1091329
1091330
1091331
1091342
1091349
1091357
1091363
1091421
1091427
1091428
1091429
1091430
1091431
1091433
1091435
1091436
1091437
1091438
1091439
1091440
1091441
1091442
1091456
1091469
1091472
1091491
1091537
1091566
1091591
1091595
1091596
1091599
1091605
1091614
1091623
1091630
1091647
1091659
1091664
1091675
1091704
1091707
1091757
1091765
1091802
1091829
1091838
1091874
1091884
1091958
1091971
1092007
1092009
1092026
1092031
1092035
1092038
1092041
1092043
1092046
1092072
1092092
1092133
1092135
1092139
1092150
1092151
1092189
1092218
1092233
1092237
1092249
1092264
1092317
1092325
1092332
1092337
1092345
1092361
1092398
1092408
1092438
1092451
1092458
1092479
1092508
1092513
1092583
1092585
1092619
1092682
1092700
1092703
1092706
1092718
1092735
1092739
1092761
1092769
1092777
1092809
1092824
1092825
1092832
1092852
1092877
1092880
1092927
1092945
1092987
1092995
1093011
1093013
1093030
1093051
1093053
1093058
1093060
1093064
1093073
1093075
1093076
1093083
1093089
1093154
1093160
1093167
1093186
1093191
1093200
1093211
1093221
1093237
1093244
1093258
1093263
1093284
1093287
1093294
1093297
1093300
1093307
1093317
1093359
1093369
1093374
1093410
1093435
1093442
1093446
1093453
1093454
1093455
1093489
1093503
1093506
1093519
1093522
1093529
1093541
1093562
1093563
1093581
1093587
1093602
1093632
1093633
1093636
1093656
1093696
1093701
1093723
1093733
1093741
1093777
1093794
1093801
1093876
1093904
1093931
1093960
1093961
1093965
1093981
1093993
1094007
1094017
1094029
1094030
1094045
1094056
1094067
1094076
1094078
1094121
1094133
1094163
1094192
1094214
1094249
1094254
1094292
1094314
1094327
1094351
1094352
1094365
1094388
1094389
1094411
1094426
1094443
1094491
1094503
1094517
1094519
1094561
1094576
1094583
1094591
1094599
1094603
1094629
1094643
1094653
1094677
1094703
1094714
1094745
1094746
1094747
1094748
1094749
1094750
1094751
1094752
1094753
1094754
1094755
1094756
1094764
1094787
1094817
1094831
1094836
1094848
1094853
1094855
1094860
1094873
1094897
1094914
1094915
1094916
1094917
1094918
1094919
1094920
1094921
1094922
1094923
1094925
1094926
1094927
1094928
1094929
1094930
1094931
1094932
1094933
1094934
1094935
1094936
1094937
1094947
1094961
1094962
1094963
1094964
1094965
1094966
1094967
1094968
1094970
1095019
1095028
1095062
1095084
1095089
1095094
1095107
1095111
1095117
1095134
1095148
1095179
1095184
1095212
1095218
1095258
1095281
1095287
1095299
1095303
1095304
1095328
1095331
1095345
1095384
1095459
1095462
1095471
1095479
1095482
1095483
1095497
1095503
1095581
1095688
1095692
1095701
1095703
1095742
1095759
1095771
1095775
1095809
1095880
1095913
1095997
1096069
1096102
1096106
1096108
1096118
1096133
1096182
1096256
1096323
1096325
1096330
1096334
1096368
1096400
1096414
1096418
1096437
1096485
1096489
1096575
1096643
1096708
1096723
1096729
1096730
1096731
1096732
1096734
1096758
1096769
1096773
1096781
1096783
1096793
1096803
1096831
1096851
1096880
1096915
1096924
1096971
1097102
1097113
1097127
1097132
1097160
1097188
1097193
1097197
1097280
1097281
1097303
1097355
1097368
1097384
1097401
1097422
1097455
1097474
1097477
1097548
1097557
1097571
1097591
1097606
1097613
1097618
1097627
1097676
1097680
1097685
1097700
1097705
1097706
1097735
1097744
1097774
1097819
1097827
1097834
1097840
1097848
1097857
1097863
1097865
1097877
1097899
1097916
1097924
1097929
1097936
1097947
1097951
1097957
1097965
1097966
1097967
1097968
1097969
1097970
1097971
1097972
1097973
1097974
1097975
1097976
1097977
1097979
1097981
1097982
1097983
1097985
1097992
1097993
1098009
1098014
1098033
1098048
1098049
1098052
1098065
1098087
1098098
1098100
1098107
1098119
1098121
1098138
1098139
1098142
1098145
1098150
1098151
1098155
1098169
1098178
1098180
1098191
1098193
1098195
1098240
1098243
1098245
1098266
1098289
1098335
1098351
1098365
1098366
1098369
1098370
1098372
1098382
1098385
1098434
1098446
1098451
1098456
1098534
1098553
1098582
1098638
1098657
1098661
1098682
1098688
1098690
1098695
1098698
1098718
1098735
1098736
1098743
1098751
1098783
1098786
1098852
1098859
1098864
1098869
1098875
1098886
1098887
1098890
1098904
1098906
1098907
1098909
1098927
1098948
1098956
1098986
1098994
1099018
1099034
1099035
1099037
1099041
1099055
1099074
1099083
1099102
1099122
1099134
1099153
1099175
1099177
1099181
1099183
1099185
1099194
1099209
1099217
1099220
1099223
1099229
1099282
1099292
1099293
1099326
1099338
1099346
1099356
1099374
1099375
1099376
1099377
1099386
1099442
1099526
1099531
1099540
1099544
1099577
1099583
1099596
1099608
1099609
1099611
1099612
1099613
1099614
1099615
1099616
1099617
1099618
1099622
1099626
1099630
1099634
1099636
1099649
1099654
1099665
1099666
1099667
1099679
1099732
1099735
1099738
1099758
1099825
1099842
1099843
1099907
1099917
1099932
1099939
1099944
1099963
1099965
1099986
1099997
1100032
1100040
1100055
1100068
1100079
1100086
1100089
1100108
1100109
1100110
1100112
1100113
1100116
1100118
1100127
1100142
1100150
1100151
1100191
1100202
1100215
1100255
1100269
1100279
1100283
1100295
1100317
1100325
1100326
1100339
1100347
1100372
1100394
1100441
1100442
1100444
1100467
1100544
1100559
1100573
1100592
1100648
1100664
1100666
1100692
1100706
1100710
1100714
1100728
1100738
1100741
1100742
1100749
1100751
1100775
1100779
1100784
1100786
1100850
1100851
1100858
1100885
1100892
1100902
1100903
1100904
1100905
1100906
1100907
1100960
1100968
1100970
1100972
1100981
1100984
1100985
1100995
1101002
1101007
1101010
1101012
1101013
1101027
1101029
1101039
1101043
1101055
1101057
1101082
1101085
1101093
1101103
1101110
1101115
1101141
1101150
1101163
1101174
1101184
1101187
1101190
1101243
1101252
1101257
1101265
1101267
1101275
1101280
1101294
1101315
1101344
1101356
1101411
1101412
1101418
1101432
1101433
1101443
1101451
1101454
1101477
1101506
1101507
1101553
1101594
1101602
1101621
1101640
1101666
1101675
1101676
1101705
1101719
1101724
1101727
1101734
1101763
1101769
1101779
1101780
1101781
1101785
1101787
1101800
1101803
1101810
1101818
1101835
1101839
1101841
1101843
1101867
1101872
1101921
1101922
1101949
1101956
1101982
1101983
1102010
1102013
1102024
1102033
1102038
1102041
1102052
1102056
1102073
1102087
1102092
1102117
1102121
1102123
1102133
1102182
1102209
1102243
1102284
1102289
1102290
1102312
1102328
1102329
1102330
1102331
1102332
1102333
1102334
1102335
1102336
1102337
1102339
1102362
1102372
1102375
1102377
1102378
1102382
1102404
1102410
1102433
1102458
1102462
1102481
1102521
1102526
1102529
1102545
1102551
1102552
1102557
1102566
1102589
1102608
1102612
1102625
1102631
1102642
1102646
1102653
1102661
1102681
1102703
1102709
1102712
1102716
1102725
1102729
1102737
1102743
1102755
1102761
1102769
1102772
1102781
1102791
1102793
1102797
1102829
1102851
1102867
1102878
1102885
1102886
1102888
1102910
1102911
1102936
1102944
1102945
1102947
1102956
1102964
1102967
1102991
1102996
1102998
1103032
1103062
1103074
1103087
1103095
1103119
1103122
1103139
1103149
1103164
1103178
1103184
1103195
1103199
1103200
1103210
1103212
1103214
1103225
1103227
1103231
1103232
1103245
1103248
1103278
1103281
1103304
1103311
1103314
1103316
1103317
1103322
1103344
1103369
1103373
1103375
1103380
1103389
1103407
1103412
1103426
1103432
1103466
1103485
1103486
1103495
1103496
1103505
1103515
1103526
1103539
1103577
1103595
1103611
1103618
1103623
1103624
1103631
1103641
1103643
1103647
1103653
1103659
1103660
1103662
1103664
1103667
1103677
1103751
1103763
1103764
1103778
1103779
1103797
1103805
1103823
1103826
1103831
1103843
1103848
1103886
1103897
1103902
1103906
1103910
1103912
1103945
1103949
1103978
1103981
1103997
1104008
1104029
1104057
1104062
1104066
1104068
1104105
1104107
1104111
1104117
1104121
1104131
1104134
1104173
1104176
1104182
1104196
1104210
1104215
1104218
1104229
1104234
1104245
1104248
1104257
1104261
1104267
1104270
1104276
1104286
1104289
1104290
1104291
1104292
1104293
1104294
1104296
1104298
1104300
1104301
1104304
1104306
1104307
1104309
1104310
1104311
1104313
1104315
1104316
1104317
1104318
1104319
1104320
1104322
1104324
1104325
1104328
1104329
1104362
1104370
1104390
1104410
1104413
1104414
1104415
1104449
1104465
1104466
1104488
1104523
1104532
1104533
1104541
1104542
1104551
1104554
1104556
1104570
1104576
1104581
1104582
1104588
1104593
1104605
1104607
1104608
1104609
1104610
1104611
1104613
1104627
1104630
1104637
1104642
1104647
1104655
1104681
1104682
1104685
1104693
1104694
1104708
1104723
1104755
1104757
1104780
1104794
1104816
1104821
1104846
1104901
1104903
1104908
1104930
1104949
1104950
1104952
1104960
1104975
1105030
1105038
1105050
1105066
1105075
1105084
1105086
1105092
1105094
1105109
1105118
1105134
1105137
1105139
1105140
1105144
1105159
1105177
1105182
1105183
1105184
1105198
1105219
1105221
1105223
1105237
1105248
1105284
1105307
1105327
1105328
1105353
1105359
1105399
1105419
1105430
1105488
1105497
1105518
1105519
1105520
1105525
1105529
1105533
1105541
1105548
1105567
1105579
1105586
1105588
1105605
1105633
1105649
1105656
1105660
1105663
1105675
1105678
1105681
1105682
1105697
1105718
1105756
1105784
1105787
1105790
1105793
1105794
1105802
1105827
1105845
1105851
1105863
1105865
1105881
1105885
1105886
1105897
1105901
1105904
1105913
1105921
1105927
1105932
1105939
1105942
1105965
1106007
1106013
1106022
1106032
1106048
1106072
1106094
1106108
1106110
1106118
1106120
1106129
1106164
1106169
1106186
1106187
1106189
1106192
1106201
1106214
1106219
1106221
1106242
1106245
1106255
1106257
1106285
1106288
1106297
1106310
1106330
1106343
1106344
1106345
1106357
1106359
1106372
1106383
1106397
1106413
1106417
1106418
1106443
1106444
1106452
1106458
1106461
1106463
1106475
1106492
1106504
1106507
1106519
1106520
1106522
1106523
1106524
1106532
1106538
1106539
1106540
1106541
1106548
1106551
1106555
1106557
1106558
1106559
1106560
1106561
1106567
1106568
1106571
1106572
1106573
1106574
1106575
1106577
1106580
1106582
1106583
1106585
1106586
1106587
1106588
1106589
1106590
1106592
1106593
1106594
1106597
1106599
1106600
1106602
1106603
1106605
1106606
1106608
1106611
1106613
1106617
1106618
1106620
1106621
1106623
1106624
1106625
1106626
1106627
1106628
1106629
1106630
1106631
1106632
1106633
1106634
1106637
1106638
1106639
1106640
1106642
1106644
1106647
1106648
1106663
1106664
1106665
1106666
1106670
1106671
1106682
1106691
1106692
1106696
1106706
1106707
1106708
1106709
1106710
1106721
1106725
1106731
1106735
1106738
1106747
1106750
1106761
1106765
1106791
1106808
1106811
1106812
1106813
1106817
1106819
1106829
1106833
1106838
1106842
1106847
1106849
1106850
1106865
1106867
1106884
1106891
1106901
1106902
1106903
1106906
1106935
1106980
1107005
1107007
1107019
1107020
1107024
1107032
1107037
1107040
1107047
1107048
1107073
1107078
1107081
1107095
1107103
1107104
1107105
1107106
1107107
1107108
1107111
1107112
1107113
1107114
1107115
1107116
1107117
1107118
1107119
1107120
1107121
1107122
1107123
1107124
1107126
1107127
1107129
1107131
1107132
1107134
1107135
1107136
1107137
1107138
1107139
1107140
1107142
1107143
1107144
1107145
1107146
1107147
1107148
1107149
1107150
1107151
1107152
1107154
1107155
1107156
1107157
1107158
1107176
1107179
1107183
1107192
1107193
1107195
1107211
1107213
1107219
1107222
1107227
1107245
1107247
1107271
1107293
1107298
1107301
1107338
1107342
1107373
1107379
1107417
1107423
1107431
1107454
1107507
1107592
1107602
1107612
1107613
1107630
1107631
1107637
1107648
1107649
1107652
1107660
1107689
1107690
1107715
1107722
1107736
1107742
1107743
1107747
1107753
1107754
1107755
1107757
1107760
1107763
1107771
1107778
1107802
1107812
1107818
1107828
1107847
1107849
1107850
1107860
1107868
1107933
1107937
1107993
1108014
1108021
1108024
1108028
1108035
1108039
1108040
1108068
1108070
1108156
1108171
1108222
1108231
1108296
1108299
1108331
1108336
1108367
1108369
1108385
1108386
1108393
1108403
1108448
1108450
1108454
1108461
1108476
1108504
1108508
1108540
1108555
1108561
1108583
1108594
1108606
1108613
1108641
1108647
1108665
1108673
1108683
1108686
1108710
1108717
1108732
1108749
1108756
1108761
1108769
1108780
1108795
1108804
1108811
1108820
1108848
1108850
1108868
1108878
1108910
1108928
1108939
1108949
1108957
1108963
1108965
1108966
1108970
1108987
1108989
1109000
1109001
1109006
1109014
1109021
1109022
1109039
1109048
1109053
1109060
1109064
1109067
1109095
1109130
1109137
1109147
1109176
1109177
1109191
1109192
1109205
1109215
1109216
1109221
1109223
1109229
1109263
1109273
1109280
1109298
1109320
1109326
1109327
1109342
1109391
1109394
1109399
1109407
1109414
1109444
1109451
1109454
1109461
1109478
1109510
1109515
1109518
1109521
1109524
1109527
1109534
1109541
1109544
1109547
1109549
1109555
1109558
1109566
1109581
1109587
1109612
1109613
1109618
1109637
1109644
1109652
1109662
1109666
1109667
1109668
1109670
1109675
1109677
1109678
1109689
1109697
1109700
1109701
1109703
1109705
1109730
1109731
1109735
1109737
1109744
1109753
1109755
1109761
1109790
1109800
1109818
1109826
1109835
1109852
1109873
1109875
1109879
1109886
1109894
1109896
1109910
1109919
1109920
1109941
1109947
1109966
1109975
1109994
1109996
1110004
1110014
1110017
1110019
1110023
1110039
1110046
1110049
1110052
1110056
1110115
1110160
1110161
1110168
1110182
1110200
1110207
1110208
1110217
1110235
1110243
1110247
1110248
1110255
1110270
1110276
1110302
1110305
1110307
1110309
1110310
1110315
1110323
1110333
1110338
1110340
1110341
1110379
1110383
1110395
1110396
1110429
1110430
1110434
1110435
1110441
1110442
1110468
1110471
1110473
1110474
1110481
1110487
1110493
1110494
1110509
1110522
1110530
1110534
1110544
1110551
1110555
1110561
1110571
1110583
1110590
1110596
1110597
1110601
1110602
1110608
1110614
1110621
1110645
1110647
1110692
1110714
1110717
1110729
1110739
1110764
1110766
1110779
1110780
1110791
1110796
1110810
1110815
1110838
1110862
1110863
1110870
1110875
1110909
1110910
1110920
1110926
1110927
1110931
1110933
1110940
1110941
1110955
1110959
1110960
1110961
1110962
1110963
1110964
1110965
1110966
1110968
1110977
1110985
1110987
1111022
1111025
1111029
1111042
1111071
1111080
1111096
1111107
1111112
1111121
1111128
1111137
1111144
1111191
1111196
1111219
1111238
1111240
1111252
1111253
1111254
1111271
1111273
1111275
1111283
1111319
1111358
1111360
1111362
1111364
1111368
1111374
1111380
1111416
1111429
1111441
1111443
1111459
1111465
1111474
1111486
1111492
1111497
1111502
1111507
1111522
1111537
1111547
1111562
1111565
1111569
1111582
1111587
1111590
1111591
1111602
1111609
1111616
1111643
1111650
1111655
1111728
1111733
1111743
1111754
1111763
1111772
1111784
1111807
1111808
1111809
1111810
1111812
1111817
1111827
1111843
1111868
1111879
1111882
1111885
1111931
1111938
1111991
1111992
1111993
1112019
1112048
1112058
1112062
1112066
1112068
1112082
1112096
1112104
1112114
1112146
1112156
1112157
1112176
1112186
1112187
1112193
1112201
1112206
1112209
1112224
1112237
1112247
1112255
1112261
1112280
1112282
1112297
1112336
1112343
1112347
1112349
1112357
1112365
1112415
1112441
1112443
1112450
1112462
1112480
1112505
1112514
1112524
1112540
1112545
1112552
1112556
1112561
1112563
1112575
1112587
1112596
1112614
1112617
1112618
1112641
1112647
1112655
1112658
1112661
1112663
1112666
1112668
1112678
1112696
1112732
1112735
1112746
1112756
1112772
1112780
1112782
1112811
1112816
1112831
1112853
1112871
1112872
1112878
1112885
1112886
1112889
1112907
1112916
1112917
1112918
1112919
1112934
1112937
1112951
1112953
1112955
1112960
1112963
1112967
1112971
1112983
1112991
1113010
1113018
1113023
1113034
1113047
1113090
1113106
1113110
1113120
1113127
1113131
1113133
1113158
1113170
1113188
1113200
1113204
1113207
1113211
1113213
1113216
1113218
1113219
1113224
1113235
1113237
1113247
1113257
1113264
1113266
1113270
1113278
1113283
1113301
1113311
1113322
1113326
1113335
1113340
1113363
1113364
1113366
1113373
1113379
1113380
1113405
1113441
1113505
1113514
1113526
1113553
1113565
1113572
1113625
1113674
1113679
1113681
1113696
1113700
1113704
1113721
1113738
1113753
1113764
1113766
1113777
1113788
1113792
1113802
1113803
1113805
1113816
1113849
1113856
1113866
1113870
1113878
1113881
1113893
1113905
1113913
1113928
1114011
1114032
1114043
1114044
1114052
1114079
1114105
1114115
1114117
1114120
1114121
1114156
1114157
1114160
1114173
1114186
1114205
1114212
1114213
1114230
1114238
1114266
1114276
1114287
1114297
1114307
1114320
1114326
1114329
1114336
1114340
1114342
1114345
1114357
1114378
1114394
1114407
1114423
1114426
1114464
1114468
1114472
1114500
1114504
1114506
1114524
1114534
1114536
1114537
1114542
1114569
1114600
1114604
1114611
1114613
1114622
1114624
1114627
1114653
1114655
1114665
1114666
1114678
1114680
1114692
1114710
1114717
1114721
1114725
1114758
1114764
1114780
1114841
1114878
1114929
1114964
1115004
1115065
1115094
1115119
1115162
1115208
1115243
1115253
1115272
1115320
1115321
1115362
1115396
1115465
1115486
1115536
1115543
1115588
1115663
1115687
1115705
1115710
1115717
1115949
1115957
1116008
1116181
1116219
1116381
1116446
1116505
1116537
1116549
1116666
1116704
1116775
1116787
1116834
1116997
1117012
1117045
1117134
1117159
1117178
1117234
1117379
1117444
1117464
1117508
1117551
1117562
1117665
1117681
1117693
1117750
1117758
1117778
1117791
1117802
1117811
1117816
1117849
1117851
1117855
1117860
1117864
1117869
1117873
1117874
1117876
1117879
1117881
1117882
1117888
1117889
1117890
1117891
1117895
1117897
1117898
1117902
1117904
1117906
1117909
1117911
1117912
1117915
1117917
1117921
1117922
1117923
1117924
1117932
1117938
1117939
1117944
1117946
1117948
1117949
1117951
1117952
1117953
1117956
1117957
1117958
1117966
1117970
1117975
1117987
1118002
1118009
1118036
1118042
1118203
1118208
1118212
1118224
1118276
1118277
1118291
1118386
1118391
1118421
1118501
1118525
1118527
1118574
1118587
1118683
1118696
1118763
1118787
1118804
1118850
1118864
1118869
1118888
1118951
1118952
1118957
1118981
1119003
1119029
1119031
1119080
1119110
1119179
1119181
1119267
1119308
1119310
1119316
1119328
1119331
1119333
1119358
1119365
1119366
1119388
1119396
1119405
1119448
1119455
1119472
1119495
1119554
1119562
1119599
1119623
1119659
1119663
1119705
1119726
1119729
1119739
1119764
1119782
1119786
1119837
1119857
1119860
1119865
1119870
1119887
1119900
1119908
1119910
1119928
1119934
1119935
1119968
1119973
1120018
1120043
1120061
1120074
1120081
1120084
1120087
1120096
1120101
1120107
1120114
1120172
1120181
1120208
1120217
1120249
1120262
1120263
1120279
1120285
1120300
1120336
1120382
1120415
1120436
1120438
1120455
1120462
1120468
1120469
1120470
1120472
1120474
1120475
1120477
1120478
1120479
1120481
1120482
1120483
1120484
1120489
1120490
1120506
1120515
1120520
1120521
1120524
1120537
1120538
1120539
1120545
1120546
1120552
1120554
1120556
1120586
1120594
1120603
1120628
1120676
1120679
1120682
1120684
1120701
1120707
1120732
1120750
1120790
1120804
1120819
1120826
1120854
1120857
1120878
1120893
1120900
1120923
1120927
1120932
1120934
1120951
1120957
1120962
1120970
1120987
1121005
1121049
1121073
1121146
1121151
1121187
1121196
1121197
1121210
1121217
1121234
1121246
1121285
1121289
1121302
1121303
1121304
1121348
1121360
1121363
1121364
1121366
1121367
1121369
1121371
1121372
1121390
1121392
1121397
1121404
1121411
1121423
1121424
1121440
1121444
1121447
1121457
1121473
1121479
1121487
1121517
1121541
1121556
1121562
1121566
1121568
1121569
1121570
1121591
1121595
1121599
1121612
1121615
1121616
1121617
1121618
1121619
1121621
1121622
1121627
1121628
1121642
1121649
1121659
1121661
1121663
1121664
1121665
1121667
1121688
1121689
1121777
1121781
1121855
1121868
1121881
1121889
1121912
1121913
1121923
1121927
1121949
1121950
1121954
1121969
1121973
1121975
1121976
1121980
1121991
1122013
1122022
1122047
1122053
1122071
1122072
1122074
1122084
1122098
1122103
1122114
1122115
1122118
1122120
1122122
1122141
1122143
1122177
1122201
1122212
1122224
1122247
1122250
1122262
1122269
1122313
1122314
1122332
1122339
1122369
1122376
1122384
1122400
1122402
1122407
1122408
1122413
1122425
1122427
1122473
1122475
1122489
1122513
1122531
1122541
1122546
1122556
1122558
1122609
1122637
1122646
1122709
1122710
1122736
1122741
1122743
1122744
1122745
1122758
1122771
1122775
1122785
1122786
1122803
1122804
1122824
1122827
1122834
1122836
1122840
1122842
1122844
1122847
1122849
1122850
1122851
1122876
1122885
1122896
1122898
1122920
1122925
1122928
1122949
1122957
1122958
1122970
1122991
1123004
1123015
1123025
1123027
1123029
1123064
1123079
1123088
1123110
1123117
1123126
1123127
1123131
1123133
1123160
1123168
1123180
1123181
1123195
1123236
1123260
1123276
1123278
1123283
1123289
1123301
1123303
1123305
1123337
1123341
1123372
1123376
1123384
1123389
1123395
1123416
1123419
1123433
1123434
1123437
1123441
1123446
1123450
1123474
1123490
1123493
1123500
1123516
1123517
1123520
1123521
1123525
1123537
1123550
1123551
1123566
1123571
1123577
1123604
1123606
1123632
1123638
1123640
1123643
1123644
1123652
1123664
1123678
1123685
1123692
1123699
1123701
1123709
1123714
1123716
1123727
1123734
1123778
1123791
1123797
1123800
1123801
1123802
1123803
1123804
1123805
1123806
1123807
1123808
1123814
1123827
1123836
1123847
1123848
1123849
1123855
1123861
1123863
1123868
1123873
1123924
1123958
1123966
1123968
1123969
1123970
1123993
1123998
1124003
1124015
1124030
1124070
1124073
1124100
1124110
1124166
1124203
1124234
1124235
1124236
1124238
1124239
1124250
1124263
1124269
1124283
1124314
1124361
1124365
1124379
1124387
1124398
1124403
1124429
1124433
1124446
1124457
1124470
1124487
1124497
1124498
1124533
1124535
1124576
1124581
1124583
1124584
1124590
1124592
1124593
1124599
1124607
1124637
1124643
1124678
1124687
1124691
1124694
1124704
1124708
1124725
1124727
1124729
1124735
1124740
1124743
1124747
1124748
1124749
1124750
1124751
1124752
1124753
1124754
1124755
1124756
1124757
1124758
1124759
1124760
1124763
1124766
1124769
1124772
1124773
1124778
1124779
1124780
1124781
1124782
1124783
1124787
1124789
1124795
1124797
1124805
1124806
1124807
1124809
1124810
1124811
1124812
1124813
1124814
1124816
1124820
1124821
1124822
1124823
1124827
1124829
1124830
1124832
1124833
1124834
1124837
1124838
1124839
1124855
1124860
1124863
1124866
1124867
1124892
1124899
1124905
1124906
1124915
1124916
1124922
1124967
1124974
1124994
1125005
1125013
1125016
1125019
1125045
1125073
1125100
1125115
1125124
1125148
1125160
1125170
1125208
1125219
1125221
1125227
1125239
1125245
1125310
1125347
1125385
1125426
1125436
1125446
1125450
1125458
1125505
1125517
1125555
1125573
1125575
1125578
1125580
1125582
1125587
1125591
1125594
1125619
1125620
1125626
1125634
1125644
1125668
1125669
1125676
1125696
1125709
1125723
1125733
1125736
1125745
1125748
1125749
1125750
1125752
1125757
1125772
1125792
1125801
1125802
1125821
1125832
1125834
1125859
1125879
1125890
1125891
1125894
1125898
1125914
1125917
1125928
1125944
1125945
1125954
1125955
1125978
1125979
1125992
1126013
1126024
1126033
1126062
1126089
1126097
1126112
1126133
1126138
1126158
1126159
1126168
1126176
1126213
1126218
1126234
1126263
1126278
1126279
1126288
1126296
1126297
1126301
1126302
1126318
1126358
1126364
1126366
1126369
1126404
1126441
1126469
1126480
1126532
1126535
1126539
1126542
1126544
1126566
1126615
1126650
1126691
1126724
1126732
1126755
1126785
1126788
1126796
1126797
1126849
1126857
1126956
1126968
1127019
1127033
1127061
1127073
1127083
1127092
1127093
1127145
1127147
1127169
1127176
1127185
1127223
1127247
1127270
1127293
1127308
1127314
1127316
1127319
1127382
1127392
1127412
1127437
1127461
1127487
1127490
1127512
1127514
1127533
1127592
1127596
1127625
1127626
1127627
1127636
1127655
1127671
1127706
1127711
1127742
1127752
1127756
1127783
1127808
1127822
1127823
1127838
1127841
1127878
1127898
1127904
1127906
1127918
1127935
1127950
1127966
1127987
1127988
1127990
1127991
1128016
1128039
1128059
1128061
1128067
1128076
1128081
1128090
1128092
1128098
1128120
1128130
1128140
1128159
1128160
1128177
1128178
1128185
1128189
1128207
1128212
1128222
1128224
1128241
1128247
1128286
1128306
1128312
1128320
1128342
1128346
1128349
1128365
1128373
1128388
1128390
1128401
1128413
1128415
1128437
1128445
1128458
1128459
1128486
1128532
1128533
1128534
1128544
1128545
1128547
1128556
1128569
1128570
1128580
1128590
1128596
1128611
1128612
1128630
1128638
1128642
1128660
1128687
1128694
1128699
1128702
1128705
1128724
1128725
1128726
1128757
1128762
1128776
1128779
1128780
1128783
1128791
1128793
1128800
1128812
1128819
1128829
1128834
1128836
1128837
1128850
1128855
1128874
1128875
1128878
1128895
1128905
1128911
1128913
1128914
1128934
1128935
1128942
1128948
1128952
1128954
1128964
1128974
1128983
1128996
1128997
1129038
1129066
1129075
1129097
1129116
1129179
1129185
1129190
1129205
1129208
1129216
1129222
1129236
1129259
1129262
1129272
1129277
1129287
1129304
1129325
1129348
1129356
1129370
1129377
1129379
1129382
1129389
1129392
1129394
1129400
1129413
1129423
1129425
1129426
1129439
1129445
1129447
1129449
1129454
1129474
1129475
1129478
1129520
1129541
1129547
1129549
1129573
1129599
1129601
1129602
1129619
1129622
1129663
1129664
1129677
1129716
1129739
1129761
1129763
1129778
1129804
1129814
1129815
1129895
1129930
1129957
1129958
1129963
1129966
1129974
1129979
1129980
1129985
1129991
1130024
1130050
1130094
1130100
1130103
1130108
1130110
1130115
1130122
1130158
1130206
1130216
1130218
1130268
1130309
1130317
1130350
1130356
1130371
1130410
1130456
1130470
1130480
1130517
1130525
1130540
1130551
1130555
1130562
1130565
1130577
1130588
1130590
1130596
1130598
1130614
1130701
1130725
1130797
1130846
1130849
1130865
1130880
1130929
1130933
1130939
1130941
1130942
1130943
1130944
1130945
1130946
1130947
1130951
1130953
1130954
1130959
1130964
1130972
1130977
1130979
1130985
1130997
1131003
1131014
1131023
1131061
1131065
1131071
1131091
1131109
1131110
1131120
1131140
1131147
1131150
1131161
1131199
1131347
1131406
1131409
1131410
1131417
1131465
1131525
1131531
1131539
1131566
1131584
1131602
1131613
1131619
1131658
1131670
1131676
1131712
1131727
1131747
1131764
1131778
1131787
1131842
1131844
1131850
1131867
1131887
1131904
1131971
1132017
1132031
1132042
1132053
1132069
1132070
1132116
1132122
1132126
1132140
1132146
1132170
1132182
1132188
1132193
1132205
1132217
1132227
1132250
1132253
1132268
1132271
1132287
1132298
1132308
1132312
1132342
1132344
1132380
1132400
1132432
1132557
1132588
1132589
1132614
1132630
1132636
1132681
1132716
1132726
1132755
1132776
1132778
1132816
1132839
1132857
1132904
1132914
1132918
1132920
1132930
1132937
1132957
1132983
1133007
1133017
1133033
1133061
1133063
1133085
1133095
1133103
1133106
1133118
1133127
1133139
1133140
1133190
1133196
1133269
1133311
1133316
1133361
1133367
1133381
1133387
1133389
1133396
1133405
1133456
1133527
1133569
1133586
1133591
1133594
1133622
1133624
1133650
1133660
1133684
1133703
1133730
1133753
1133810
1133836
1133841
1133846
1133876
1133889
1133898
1133900
1133921
1133925
1133928
1133934
1133952
1133988
1133992
1134043
1134054
1134065
1134081
1134083
1134102
1134131
1134150
1134158
1134176
1134177
1134228
1134229
1134239
1134254
1134272
1134274
1134279
1134285
1134302
1134303
1134315
1134333
1134362
1134379
1134381
1134390
1134405
1134440
1134447
1134471
1134516
1134523
1134528
1134529
1134553
1134557
1134571
1134591
1134630
1134632
1134636
1134657
1134690
1134715
1134716
1134717
1134734
1134749
1134754
1134768
1134773
1134777
1134801
1134817
1134829
1134894
1134898
1134912
1134915
1134917
1134918
1134957
1134971
1134975
1134991
1135010
1135041
1135057
1135072
1135119
1135120
1135128
1135134
1135145
1135222
1135250
1135251
1135255
1135280
1135292
1135338
1135396
1135425
1135450
1135454
1135479
1135487
1135523
1135594
1135602
1135613
1135641
1135645
1135646
1135662
1135694
1135726
1135737
1135746
1135758
1135759
1135764
1135769
1135770
1135796
1135802
1135813
1135829
1135832
1135836
1135837
1135850
1135851
1135872
1135917
1135919
1135942
1135951
1135965
1136016
1136038
1136053
1136056
1136057
1136076
1136119
1136135
1136147
1136158
1136162
1136208
1136213
1136218
1136225
1136243
1136245
1136256
1136259
1136264
1136273
1136319
1136338
1136343
1136347
1136349
1136373
1136378
1136380
1136386
1136405
1136413
1136425
1136433
1136445
1136449
1136462
1136481
1136529
1136552
1136566
1136571
1136579
1136585
1136591
1136593
1136625
1136632
1136654
1136662
1136678
1136691
1136696
1136702
1136717
1136729
1136785
1136802
1136815
1136838
1136887
1136897
1136905
1136909
1136932
1136937
1136946
1136957
1136991
1137013
1137015
1137019
1137027
1137032
1137039
1137060
1137075
1137088
1137096
1137107
1137108
1137116
1137160
1137165
1137207
1137218
1137239
1137243
1137248
1137258
1137262
1137300
1137304
1137308
1137310
1137317
1137334
1137364
1137409
1137432
1137462
1137492
1137506
1137508
1137517
1137553
1137657
1137709
1137725
1137726
1137769
1137801
1137832
1137840
1137847
1137857
1137959
1138024
1138034
1138046
1138058
1138109
1138110
1138154
1138163
1138175
1138195
1138225
1138245
1138283
1138324
1138332
1138363
1138383
1138392
1138411
1138428
1138452
1138473
1138479
1138494
1138507
1138508
1138519
1138568
1138586
1138615
1138616
1138635
1138649
1138655
1138669
1138693
1138706
1138766
1138777
1138779
1138782
1138791
1138812
1138819
1138856
1138900
1138923
1138947
1138948
1138955
1138983
1138990
1138995
1139067
1139078
1139087
1139091
1139109
1139122
1139126
1139132
1139158
1139163
1139164
1139169
1139219
1139309
1139314
1139355
1139402
1139420
1139428
1139436
1139452
1139457
1139508
1139517
1139519
1139583
1139643
1139677
1139704
1139759
1139763
1139835
1139838
1139917
1139918
1139919
1139925
1140026
1140044
1140045
1140058
1140060
1140071
1140083
1140124
1140177
1140181
1140182
1140204
1140279
1140287
1140305
1140324
1140330
1140353
1140360
1140364
1140380
1140403
1140420
1140423
1140469
1140474
1140495
1140518
1140532
1140559
1140563
1140567
1140638
1140639
1140649
1140682
1140690
1140741
1140748
1140797
1140805
1140862
1140866
1140898
1140909
1140945
1140947
1140959
1140964
1140969
1140983
1141001
1141009
1141012
1141015
1141023
1141071
1141107
1141116
1141120
1141127
1141133
1141162
1141164
1141194
1141241
1141243
1141276
1141292
1141296
1141321
1141334
1141337
1141343
1141348
1141356
1141370
1141389
1141394
1141416
1141420
1141437
1141457
1141458
1141460
1141503
1141509
1141543
1141550
1141559
1141563
1141569
1141579
1141603
1141631
1141634
1141657
1141659
1141672
1141703
1141711
1141723
1141785
1141822
1141886
1141888
1141903
1141904
1141915
1141935
1141958
1141981
1141990
1142008
1142019
1142029
1142069
1142091
1142095
1142138
1142160
1142190
1142202
1142236
1142255
1142284
1142305
1142313
1142330
1142334
1142352
1142367
1142432
1142434
1142461
1142465
1142488
1142497
1142499
1142512
1142528
1142550
1142574
1142589
1142635
1142646
1142652
1142700
1142722
1142745
1142754
1142817
1142834
1142855
1142857
1142859
1142860
1142890
1142940
1142949
1142980
